BestLambda: 0.000001
BestScore: 65.000000%