BestLambda: 0.001000
BestScore: 100.000000%